7 0 9.39
7 1 -6.03
7 2 -5.21
7 3 7.28
7 4 8.42
7 5 7.99
7 6 5.00
7 7 8.66
7 8 -0.89
7 9 3.95
7 10 -2.91
7 11 2.27
7 12 -2.72
7 13 3.52
7 14 -0.29
7 15 -9.10
8 0 8.15
8 1 -1.31
8 2 1.21
8 3 -1.41
8 4 -8.14
8 5 7.24
8 6 4.42
8 7 5.00
8 8 -5.77
8 9 0.47
8 10 -0.06
8 11 -1.25
8 12 7.73
8 13 5.92
8 14 5.26
8 15 9.81
9 0 3.96
9 1 -7.18
9 2 5.41
9 3 9.78
9 4 -2.47
9 5 6.49
9 6 6.65
9 7 2.17
9 8 -2.48
9 9 -5.54
9 10 -3.53
9 11 -0.44
9 12 6.61
9 13 8.39
9 14 -4.89
9 15 1.04
10 0 3.98
10 1 -8.80
10 2 -0.08
10 3 0.19
10 4 -2.08
10 5 -1.31
10 6 3.87
10 7 1.80
10 8 -6.01
10 9 -9.37
10 10 6.15
10 11 -2.84
10 12 5.45
10 13 -7.94
10 14 9.62
10 15 -9.93

